endcap	station	ring	chamber	corr
1	1	1	1	-236.518
1	1	1	10	-232.502
1	1	1	11	-234.473
1	1	1	12	-238.017
1	1	1	13	-239.428
1	1	1	14	-237.873
1	1	1	15	-237.545
1	1	1	16	-235.488
1	1	1	17	-237.961
1	1	1	18	-237.248
1	1	1	19	-237.011
1	1	1	21	-234.726
1	1	1	22	-234.672
1	1	1	23	-236.678
1	1	1	24	-230.311
1	1	1	25	-238.454
1	1	1	26	-235.788
1	1	1	27	-244.27
1	1	1	28	-238.071
1	1	1	29	-244.625
1	1	1	3	-236.753
1	1	1	30	-238.597
1	1	1	31	-237.547
1	1	1	32	-237.505
1	1	1	33	-236.977
1	1	1	34	-236.408
1	1	1	35	-237.414
1	1	1	36	-236.59
1	1	1	4	-232.322
1	1	1	5	-239.614
1	1	1	7	-239.865
1	1	1	8	-238.04
1	1	1	9	-235.048
1	1	2	1	-217.758
1	1	2	10	-214.864
1	1	2	11	-214.566
1	1	2	12	-219.299
1	1	2	13	-218.807
1	1	2	14	-218.872
1	1	2	16	-218.152
1	1	2	17	-217.584
1	1	2	18	-217.351
1	1	2	19	-217.258
1	1	2	2	-217.422
1	1	2	20	-217.64
1	1	2	21	-215.606
1	1	2	22	-215.691
1	1	2	23	-215.857
1	1	2	24	-217.354
1	1	2	25	-217.885
1	1	2	26	-216.778
1	1	2	27	-218.892
1	1	2	28	-218.718
1	1	2	29	-218.385
1	1	2	3	-217.913
1	1	2	30	-217.658
1	1	2	31	-218.732
1	1	2	32	-217.775
1	1	2	33	-217.469
1	1	2	34	-217.908
1	1	2	35	-218.152
1	1	2	4	-218.934
1	1	2	5	-218.572
1	1	2	6	-219.976
1	1	2	7	-219.984
1	1	2	8	-219.752
1	1	2	9	-215.254
1	1	3	1	-216.281
1	1	3	10	-215.315
1	1	3	11	-215.816
1	1	3	12	-220.482
1	1	3	13	-220.08
1	1	3	14	-219.302
1	1	3	15	-220.486
1	1	3	16	-219.746
1	1	3	17	-219.419
1	1	3	18	-214.867
1	1	3	19	-218.183
1	1	3	2	-218.25
1	1	3	20	-218.382
1	1	3	21	-217.259
1	1	3	22	-215.802
1	1	3	23	-217.866
1	1	3	24	-218.76
1	1	3	25	-218.833
1	1	3	26	-218.272
1	1	3	27	-217.966
1	1	3	28	-220.821
1	1	3	29	-218.781
1	1	3	3	-218.334
1	1	3	30	-218.853
1	1	3	31	-220.156
1	1	3	32	-220.826
1	1	3	33	-217.157
1	1	3	34	-218.736
1	1	3	35	-217.1
1	1	3	36	-220.616
1	1	3	4	-220.082
1	1	3	5	-221.051
1	1	3	6	-221.039
1	1	3	7	-220.423
1	1	3	8	-221.486
1	1	3	9	-216.66
1	1	4	1	-233.581
1	1	4	11	-230.934
1	1	4	12	-235.88
1	1	4	13	-236.268
1	1	4	14	-234.207
1	1	4	15	-234.995
1	1	4	16	-235.523
1	1	4	17	-234.032
1	1	4	18	-234.077
1	1	4	19	-234.866
1	1	4	21	-233.269
1	1	4	22	-232.046
1	1	4	23	-233.958
1	1	4	24	-228.843
1	1	4	25	-232.424
1	1	4	26	-234.533
1	1	4	27	-240.715
1	1	4	28	-235.076
1	1	4	29	-240.358
1	1	4	3	-234.603
1	1	4	30	-233.866
1	1	4	31	-234.857
1	1	4	32	-234.173
1	1	4	33	-234.152
1	1	4	34	-234.576
1	1	4	35	-233.972
1	1	4	36	-233.809
1	1	4	4	-230.848
1	1	4	5	-236.006
1	1	4	7	-236.075
1	1	4	8	-234.942
1	1	4	9	-232.217
1	2	1	1	-214.936
1	2	1	10	-215.639
1	2	1	11	-212.254
1	2	1	12	-213.252
1	2	1	13	-214.576
1	2	1	14	-217.99
1	2	1	15	-218.173
1	2	1	16	-219.855
1	2	1	17	-214.807
1	2	1	18	-214.566
1	2	1	2	-217.022
1	2	1	3	-216.945
1	2	1	4	-216.644
1	2	1	5	-216.868
1	2	1	6	-217.027
1	2	1	7	-216.957
1	2	1	8	-215.425
1	2	1	9	-214.639
1	2	2	1	-214.893
1	2	2	10	-217.081
1	2	2	11	-216.392
1	2	2	12	-216.687
1	2	2	13	-215.84
1	2	2	14	-215.924
1	2	2	15	-215.286
1	2	2	16	-217.137
1	2	2	17	-214.205
1	2	2	18	-216.662
1	2	2	19	-214.964
1	2	2	2	-213.83
1	2	2	20	-214.046
1	2	2	21	-212.899
1	2	2	22	-212.128
1	2	2	23	-211.841
1	2	2	24	-212.633
1	2	2	25	-213.417
1	2	2	26	-212.471
1	2	2	27	-218.784
1	2	2	28	-218.838
1	2	2	29	-217.198
1	2	2	3	-216.138
1	2	2	30	-218.149
1	2	2	31	-216.789
1	2	2	32	-217.138
1	2	2	33	-214.075
1	2	2	34	-214.378
1	2	2	35	-213.341
1	2	2	36	-215.435
1	2	2	4	-216.817
1	2	2	5	-216.121
1	2	2	6	-217.475
1	2	2	7	-216.161
1	2	2	8	-214.822
1	2	2	9	-216.169
1	3	2	1	-218.441
1	3	2	10	-218.44
1	3	2	11	-217.802
1	3	2	12	-218.894
1	3	2	13	-217.797
1	3	2	14	-218.193
1	3	2	15	-214.817
1	3	2	16	-215.973
1	3	2	17	-215.329
1	3	2	18	-217.047
1	3	2	19	-215.208
1	3	2	2	-217.702
1	3	2	20	-214.941
1	3	2	21	-205.078
1	3	2	22	-204.963
1	3	2	23	-204.593
1	3	2	24	-205.16
1	3	2	25	-204.824
1	3	2	26	-205.225
1	3	2	27	-216.477
1	3	2	28	-213.315
1	3	2	29	-214.428
1	3	2	3	-217.368
1	3	2	30	-217.254
1	3	2	31	-216.217
1	3	2	32	-217.214
1	3	2	33	-216.476
1	3	2	34	-216.372
1	3	2	35	-216.154
1	3	2	36	-216.753
1	3	2	4	-217.921
1	3	2	5	-216.383
1	3	2	6	-219.996
1	3	2	7	-216.931
1	3	2	8	-217.859
1	3	2	9	-218.535
1	4	2	10	-216.657
1	4	2	11	-215.666
1	4	2	12	-213.928
1	4	2	13	-217.195
1	4	2	9	-216.573
2	1	1	1	-236.113
2	1	1	10	-236.419
2	1	1	11	-238.12
2	1	1	12	-238.227
2	1	1	13	-238.808
2	1	1	14	-238.248
2	1	1	16	-238.497
2	1	1	17	-238.482
2	1	1	18	-235.454
2	1	1	19	-235.779
2	1	1	20	-236.495
2	1	1	21	-235.229
2	1	1	23	-236.208
2	1	1	24	-239.036
2	1	1	25	-236.753
2	1	1	26	-235.577
2	1	1	27	-238.987
2	1	1	28	-236.795
2	1	1	29	-238.018
2	1	1	31	-237.717
2	1	1	33	-238.427
2	1	1	35	-238.964
2	1	1	36	-234.923
2	1	1	4	-235.966
2	1	1	5	-238.694
2	1	1	6	-234.636
2	1	1	7	-236.605
2	1	1	8	-234.78
2	1	1	9	-239.22
2	1	2	1	-216.611
2	1	2	10	-218.615
2	1	2	11	-220.01
2	1	2	12	-218.988
2	1	2	13	-217.755
2	1	2	14	-217.919
2	1	2	15	-219.563
2	1	2	16	-219.549
2	1	2	17	-218.896
2	1	2	18	-216.195
2	1	2	19	-216.627
2	1	2	2	-215.351
2	1	2	20	-216.404
2	1	2	21	-214.514
2	1	2	22	-215.443
2	1	2	23	-215.694
2	1	2	24	-216.937
2	1	2	25	-216.928
2	1	2	26	-216.319
2	1	2	27	-218.021
2	1	2	28	-217.938
2	1	2	29	-218.461
2	1	2	3	-217.126
2	1	2	30	-216.369
2	1	2	31	-218.315
2	1	2	32	-217.922
2	1	2	33	-217.886
2	1	2	34	-218.446
2	1	2	35	-218.219
2	1	2	36	-216.869
2	1	2	4	-216.514
2	1	2	5	-217.792
2	1	2	6	-216.406
2	1	2	7	-217.201
2	1	2	8	-216.386
2	1	2	9	-218.619
2	1	3	1	-216.354
2	1	3	10	-218.038
2	1	3	11	-218.808
2	1	3	12	-220.998
2	1	3	13	-220.302
2	1	3	14	-219.825
2	1	3	15	-223.061
2	1	3	16	-221.359
2	1	3	17	-220.028
2	1	3	18	-219.423
2	1	3	19	-219.883
2	1	3	2	-217.611
2	1	3	20	-221.561
2	1	3	21	-216.423
2	1	3	22	-216.823
2	1	3	23	-216.907
2	1	3	24	-219.432
2	1	3	25	-217.296
2	1	3	26	-216.641
2	1	3	27	-221.086
2	1	3	28	-219.851
2	1	3	29	-220.899
2	1	3	3	-213.166
2	1	3	30	-219.711
2	1	3	31	-219.159
2	1	3	32	-221.195
2	1	3	33	-220.923
2	1	3	34	-219.406
2	1	3	35	-219.249
2	1	3	36	-218.447
2	1	3	4	-220.822
2	1	3	5	-218.995
2	1	3	6	-216.855
2	1	3	7	-219.078
2	1	3	8	-218.764
2	1	3	9	-223.104
2	1	4	1	-234.099
2	1	4	10	-234.134
2	1	4	11	-235.955
2	1	4	12	-235.998
2	1	4	13	-235.127
2	1	4	14	-235.391
2	1	4	16	-237.052
2	1	4	17	-237.227
2	1	4	18	-232.929
2	1	4	19	-233.623
2	1	4	20	-233.742
2	1	4	21	-233.294
2	1	4	23	-232.556
2	1	4	24	-234.304
2	1	4	25	-235.068
2	1	4	26	-235.26
2	1	4	27	-236.039
2	1	4	28	-234.703
2	1	4	29	-234.927
2	1	4	31	-235.154
2	1	4	33	-234.711
2	1	4	35	-235.679
2	1	4	36	-232.425
2	1	4	4	-233.961
2	1	4	5	-234.949
2	1	4	6	-231.885
2	1	4	7	-233.545
2	1	4	8	-233.112
2	1	4	9	-236.755
2	2	1	1	-216.168
2	2	1	10	-216.961
2	2	1	11	-216.721
2	2	1	12	-216.771
2	2	1	13	-216.231
2	2	1	14	-219.478
2	2	1	15	-218.724
2	2	1	16	-213.058
2	2	1	17	-216.522
2	2	1	18	-216.157
2	2	1	2	-214.982
2	2	1	3	-216.979
2	2	1	4	-218.152
2	2	1	5	-214.453
2	2	1	6	-214.386
2	2	1	7	-214.205
2	2	1	8	-218.058
2	2	1	9	-216.172
2	2	2	1	-216.584
2	2	2	10	-214.844
2	2	2	11	-212.825
2	2	2	12	-215.292
2	2	2	13	-214.657
2	2	2	14	-215.257
2	2	2	15	-216.413
2	2	2	16	-217.627
2	2	2	17	-222.318
2	2	2	18	-217.849
2	2	2	19	-215.58
2	2	2	2	-216.842
2	2	2	20	-215.827
2	2	2	21	-217.649
2	2	2	22	-217.062
2	2	2	23	-216.463
2	2	2	24	-218.178
2	2	2	25	-217.029
2	2	2	26	-216.858
2	2	2	27	-217.963
2	2	2	28	-218.169
2	2	2	29	-217.673
2	2	2	3	-216.377
2	2	2	30	-218.909
2	2	2	31	-218.255
2	2	2	32	-217.377
2	2	2	33	-217.313
2	2	2	34	-218.068
2	2	2	35	-216.783
2	2	2	36	-217.931
2	2	2	4	-216.668
2	2	2	5	-216.546
2	2	2	6	-218.554
2	2	2	7	-217.704
2	2	2	8	-217.567
2	2	2	9	-214.15
2	3	2	1	-215.897
2	3	2	10	-218.245
2	3	2	11	-217.893
2	3	2	12	-220.86
2	3	2	13	-217.66
2	3	2	14	-218.237
2	3	2	15	-215.347
2	3	2	16	-215.546
2	3	2	17	-214.134
2	3	2	18	-215.944
2	3	2	19	-215
2	3	2	2	-217.135
2	3	2	20	-215.172
2	3	2	21	-217.876
2	3	2	22	-217.887
2	3	2	23	-216.515
2	3	2	24	-217.574
2	3	2	25	-217.301
2	3	2	26	-215.672
2	3	2	27	-222.027
2	3	2	28	-217.073
2	3	2	29	-216.609
2	3	2	3	-216.049
2	3	2	30	-217.216
2	3	2	31	-215.408
2	3	2	32	-214.977
2	3	2	33	-217.345
2	3	2	34	-217.5
2	3	2	35	-216.589
2	3	2	36	-217.607
2	3	2	4	-218.49
2	3	2	5	-215.306
2	3	2	6	-217.105
2	3	2	7	-217.034
2	3	2	8	-216.457
2	3	2	9	-219.451
